
# resume 6
xmean
37.4806	8.01101	180.168	76.1989	162.963	160.693
path for sigma
-1.87169	1.99418	1.49173	1.16486	0.828613	1.2985
path for C
-1.98195	1.97624	1.83499	1.71393	0.96131	1.11213
sigma 0.925906
covariance matrix
1.25779
-0.307637	1.01857
-0.0317006	0.092632	1.23519
-0.312044	0.178355	0.0896856	1.1646
0.0954278	0.0200653	0.242404	0.049649	0.856629
-0.195949	0.0869411	-0.0809634	0.173224	-0.00332156	0.829932


# resume 6
xmean
41.166	5.30915	179.488	74.577	164.114	157.58
path for sigma
0.203864	0.379561	-0.628016	0.708431	0.139366	-0.516273
path for C
0.216408	0.402915	-0.666657	0.75202	0.147941	-0.548039
sigma 0.693442
covariance matrix
0.971597
0.00193591	0.970069
-0.0023674	-0.00995156	0.981006
0.010461	0.00971516	-0.0153904	0.987891
0.0062244	0.0011033	-0.0010906	0.00808073	0.969406
-0.0105103	-0.0065202	0.00987373	-0.0196628	-0.00842732	0.98164


# resume 6
xmean
74.2345	35.6133	174.656	28.659	94.2682	88.9298
path for sigma
-0.939918	-0.474832	0.805084	-0.418685	0.329341	-1.31399
path for C
-0.99775	-0.504047	0.854619	-0.444446	0.349605	-1.39484
sigma 0.754061
covariance matrix
1.00081
0.0201836	0.976803
-0.029885	-0.0150524	0.989791
0.0137009	0.00511264	-0.0133833	0.973114
-0.0126422	-0.00677253	0.010477	-0.00502158	0.968535
0.0492722	0.0252996	-0.0418322	0.0213034	-0.0172148	1.03255


# resume 6
xmean
113.335	175.206	6.09566	129.924	98.6552	176.471
path for sigma
0.411146	0.253328	0.117446	1.13505	-0.423281	-0.64991
path for C
0.436444	0.268915	0.124673	1.20489	-0.449325	-0.689898
sigma 0.715812
covariance matrix
0.97093
0.00411751	0.966691
0.00177526	0.00118021	0.964896
0.0187518	0.0113662	0.00484305	1.01605
-0.00685181	-0.00424219	-0.00201318	-0.0189021	0.97125
-0.01107	-0.00649977	-0.00228404	-0.0307763	0.0107073	0.983591


# resume 6
xmean
120.726	6.16864	173.428	123.485	100.566	153.206
path for sigma
-0.336406	0.207052	0.524935	-0.632707	-0.532474	0.253476
path for C
-0.357105	0.219791	0.557233	-0.671637	-0.565236	0.269072
sigma 0.687186
covariance matrix
0.970782
-0.00394369	0.966504
-0.00936197	0.00561098	0.977675
0.0105204	-0.00634147	-0.0154565	0.982037
0.00641203	-0.00398929	-0.0103129	0.012669	0.975577
-0.000806178	0.000659384	0.00243019	-0.00383927	-0.00614104	0.969752


# resume 6
xmean
111.05	73.3251	44.637	73.0283	170.276	165.97
path for sigma
0.061017	-0.828594	-0.445717	0.0347124	0.33882	-0.037142
path for C
0.0647713	-0.879576	-0.473141	0.0368482	0.359667	-0.0394273
sigma 0.681019
covariance matrix
0.964769
-0.000133575	0.998729
4.37355e-05	0.0190589	0.97468
8.41124e-05	-0.00113636	-0.000611187	0.9642
-0.00104071	-0.0184933	-0.0104055	0.000463887	0.976051
-0.000151684	0.000970654	0.000506856	-5.10413e-05	-0.000252139	0.964215


# resume 6
xmean
13.8725	9.00654	110.912	140.067	57.7702	2.56634
path for sigma
-0.339134	-0.963062	-0.960705	1.31575	-0.966967	1.53742
path for C
-0.673069	-0.649839	-0.834298	1.28627	-1.37034	2.06942
sigma 0.110038
covariance matrix
0.380601
0.00778176	0.503675
0.120317	0.0357793	0.416398
-0.130214	-0.066112	-0.281681	0.807259
0.240288	0.250836	0.1698	-0.230245	0.682375
-0.321002	0.0218857	-0.0491234	0.00720479	-0.511586	1.55683


# resume 6
xmean
146.175	54.0514	21.3392	119.916	105.137	99.8988
path for sigma
0.214472	0.0631415	0.416504	-0.103102	0.168048	-0.12424
path for C
0.227668	0.0670265	0.442131	-0.109446	0.178388	-0.131884
sigma 0.646688
covariance matrix
0.965991
0.000294074	0.967348
0.00339159	0.00282268	0.97206
-0.000931847	0.000461722	-0.00127655	0.964743
0.00142924	0.000374009	0.00274172	-0.000696148	0.96527
-0.00148612	0.00512382	0.00114177	0.00179327	-0.000907578	0.974484


# resume 6
xmean
8.7243	106.169	116.17	139.575	117.373	109.473
path for sigma
-0.338492	0.20788	0.208119	0.705467	-0.769951	0.580175
path for C
-0.359319	0.22067	0.220924	0.748873	-0.817325	0.615873
sigma 0.701508
covariance matrix
0.970249
-0.00423165	0.967202
-0.00299335	0.00190274	0.965893
-0.0112267	0.00744942	0.00604291	0.985865
0.0123146	-0.00818752	-0.00660344	-0.0237682	0.990172
-0.00732434	0.00435999	0.0047174	0.0156845	-0.0171007	0.977592


# resume 6
xmean
17.4198	171.643	26.0661	131.829	81.7757	176.925
path for sigma
0.515454	0.789832	0.0812089	-0.209923	-0.275363	-0.0919083
path for C
0.547169	0.838429	0.0862055	-0.22284	-0.292306	-0.0975632
sigma 0.681685
covariance matrix
0.974963
0.016196	0.988856
0.00100959	0.00233911	0.965796
-0.00481574	-0.00672244	0.000472194	0.966846
-0.00554492	-0.00858149	-0.0010329	0.00216343	0.967167
-0.00187532	-0.00287179	-0.000292126	0.000765723	0.00100072	0.964486


# resume 6
xmean
40.7567	5.28298	180.437	73.9811	163.933	157.594
path for sigma
-0.298732	0.34744	0.536497	-0.0231854	-0.0823273	-0.498975
path for C
-0.317112	0.368818	0.569507	-0.0246119	-0.0873928	-0.529676
sigma 0.67112
covariance matrix
0.967691
-0.00414837	0.969143
-0.00648904	0.00812464	0.978157
0.0003283	-0.000591475	-0.00144296	0.964519
0.00103161	-0.00142673	-0.00277637	0.000449129	0.964825
0.00598684	-0.00731356	-0.0121788	0.0010348	0.00224962	0.974965


# resume 6
xmean
75.2803	35.8437	174.126	29.0815	94.1125	89.9463
path for sigma
0.344092	-0.191844	0.155016	0.100122	0.138087	-0.0659643
path for C
0.365264	-0.203648	0.164554	0.106283	0.146584	-0.070023
sigma 0.642077
covariance matrix
0.969988
-0.00378849	0.96681
0.00178074	-0.000840258	0.965197
-0.000223208	0.000859722	0.00106655	0.96673
0.0027803	-0.00196779	0.00058957	-0.000692249	0.96561
-0.000971117	0.000575426	-0.00038354	-0.000160395	-0.000417579	0.964329


# resume 6
xmean
112.864	174.726	6.47306	129.111	99.3127	177.006
path for sigma
-0.167041	-0.336144	0.580807	0.136394	0.383969	0.00713787
path for C
-0.177319	-0.356826	0.616543	0.144786	0.407594	0.00757705
sigma 0.666348
covariance matrix
0.965267
0.00213093	0.96933
-0.00383365	-0.00775285	0.977497
-0.000915369	-0.00170196	0.00312866	0.964906
-0.0027517	-0.00341649	0.00874855	0.0023375	0.974011
-0.00014124	0.000644953	0.000132189	0.000155042	0.00187279	0.964927


# resume 6
xmean
121.482	6.10009	173.017	124.091	101.516	152.658
path for sigma
0.592207	0.122885	0.0212174	0.112103	0.633799	-0.420476
path for C
0.628645	0.130446	0.0225229	0.119	0.672796	-0.446347
sigma 0.679192
covariance matrix
0.978031
0.00286749	0.964767
0.000426794	0.000217569	0.964899
0.00259563	0.000594299	0.000408836	0.964785
0.0148958	0.00300016	1.89521e-05	0.00258891	0.980402
-0.00975546	-0.00219695	-0.00132861	-0.00228571	-0.00985465	0.972451


# resume 6
xmean
110.715	74.5836	44.8211	73.1445	169.92	166.866
path for sigma
-0.350102	0.71652	-0.219656	0.177409	-0.0987597	1.06275
path for C
-0.371644	0.760606	-0.233171	0.188324	-0.104836	1.12814
sigma 0.708088
covariance matrix
0.969186
-0.00915707	0.987621
0.00305015	-0.00619099	0.966061
-0.00298941	0.00282763	-0.00156534	0.966928
0.00132336	-0.00298194	0.000856071	-0.000565725	0.964549
-0.0150287	0.0288329	-0.00924762	0.00835346	-0.00407707	1.00935


# resume 6
xmean
17.3952	8.04476	110.469	136.167	58.6785	-2.13114
path for sigma
0.00447798	0.275282	-0.943179	0.807501	-0.749411	-0.793071
path for C
-0.138365	0.142825	-0.777439	0.531623	-0.580104	-0.78106
sigma 0.15481
covariance matrix
0.624786
-0.0384197	0.797097
0.222805	-0.0409651	0.68752
0.13333	-0.0297916	-0.208737	0.689526
0.0654258	0.0548888	-0.021196	0.10213	0.595647
-0.0576853	-0.0716906	0.177227	-0.278202	0.054528	0.984003


# resume 6
xmean
145.358	54.3228	20.9141	119.944	104.545	100.723
path for sigma
-0.788493	0.396295	-0.105482	-0.0690858	-0.558728	0.887448
path for C
-0.837008	0.420678	-0.111972	-0.0733365	-0.593106	0.942052
sigma 0.709199
covariance matrix
0.998425
-0.0179614	0.973605
0.0101428	-0.00561873	0.969443
0.00114474	-0.000498565	-0.000426676	0.964446
0.0236553	-0.0123627	0.00674093	0.000876935	0.980509
-0.0322813	0.0165745	-0.0069612	-0.00194487	-0.0225749	0.997493


# resume 6
xmean
36.9145	-0.109784	187.288	83.8276	150.526	155.335
path for sigma
0.705921	-1.59315	2.29514	-0.903948	-0.468847	-0.275823
path for C
0.247738	-1.06421	2.06329	-0.117693	-0.759814	-0.116845
sigma 0.174202
covariance matrix
0.424517
0.0313317	0.388109
-0.0734885	-0.188202	1.01954
0.0137821	-0.112601	0.457877	0.928069
0.212605	0.134647	-0.468847	-0.338608	1.08171
0.0775846	0.00124969	-0.00779025	0.0376574	0.0844494	0.440956


# resume 6
xmean
75.7046	37.2928	172.961	29.2805	94.6889	90.8164
path for sigma
0.323997	1.50465	-0.957655	-0.667177	0.872277	0.279371
path for C
0.215332	1.39599	-0.840859	-0.820429	0.820608	0.136276
sigma 0.52474
covariance matrix
0.958322
0.0749749	1.00756
-0.0911858	-0.0905099	1.00837
0.117395	0.0448401	-0.104336	1.08571
0.0279837	0.0747052	-0.054676	0.0116054	0.922622
0.107592	0.101169	-0.11763	0.148405	0.0514167	1.01241


# resume 6
xmean
112.675	174.822	5.72435	128.767	99.0217	176.321
path for sigma
-0.629552	-0.344153	-0.533634	-0.451736	0.0419444	-1.31539
path for C
-0.668287	-0.365328	-0.566468	-0.47953	0.0445251	-1.39633
sigma 0.463553
covariance matrix
0.982193
0.0118063	0.973268
0.0106409	0.00363953	0.978381
0.00852961	0.0024263	0.0125808	0.975352
-0.00128765	-0.000903907	-0.000612991	-0.000469723	0.964247
0.035624	0.0218336	0.024552	0.0202037	-0.00247745	1.03607


# resume 6
xmean
37.1016	-14.5316	201.785	90.2869	162.297	160.973
path for sigma
-1.24502	0.24882	-0.699604	-0.132892	-1.96928	-0.970634
path for C
-0.516414	0.0322865	-0.602236	-0.0526223	-1.35421	-0.727144
sigma 0.099968
covariance matrix
0.268053
0.0929332	0.374288
-0.135879	-0.299035	1.16928
-0.0420337	-0.0652119	0.190198	0.389079
-0.0686497	0.0305757	0.133566	0.0065657	0.549288
0.0703183	0.0570064	-0.189786	-0.0854621	0.0446688	0.426344

